format long
Aitken([100, 110.25, 121, 144], [10, 10.5, 11, 12], 115)

x = [10, 11, 12, 13 ]
